#Insight Transform File V1.0
#Transform 0
Transform: MatrixOffsetTransformBase_double_3_3
Parameters: 0.9999997088294214 -0.0004852325682059215 -0.00023552149197149242 0.0004857681620648639 0.9999997920933993 -0.000986114436290339 0.00023547889898270995 0.0009858857653505635 0.9999989723436152 0.026924953532116547 -0.0290155493202775 0.20962242476615955
FixedParameters: 0 0 0
#Transform 1
Transform: MatrixOffsetTransformBase_double_3_3
Parameters: 0.999999660850091 0.0005509296281370487 -0.00019020322859429986 -0.0005500698485457116 0.9999995607891387 -0.00036889532465996845 0.0001897969597874039 0.0003691045145605382 0.9999998277390116 0.016115027303811758 -0.009831416312124475 0.007714351482000836
FixedParameters: 0 0 0
#Transform 2
Transform: MatrixOffsetTransformBase_double_3_3
Parameters: 0.9999996819471261 0.0005180620119023579 0.00022285538977288833 -0.0005179375779516205 0.9999996538351371 -0.0002791154034998864 -0.00022314443365845758 0.00027888437559134906 0.9999998724300503 0.011279631754433694 -0.04619214475184208 0.01739969494173721
FixedParameters: 0 0 0
#Transform 3
Transform: MatrixOffsetTransformBase_double_3_3
Parameters: 0.9999997254351566 0.0005179568080681421 0.00007928122885615832 -0.0005180426020192898 0.9999994368273206 0.0005429587688316756 -0.00007871868117648088 -0.0005430406127850724 0.9999996989101714 0.012804074943446153 0.00035327200284029914 0.0022887679419696383
FixedParameters: 0 0 0
#Transform 4
Transform: MatrixOffsetTransformBase_double_3_3
Parameters: 0.9999997254351186 0.0005180310605312432 0.000078794838009404 -0.0005179684925582338 0.9999995748601835 -0.00039604075115554473 -0.00007920509383242744 0.0003959589071908507 0.9999998369430704 -0.019018686499251203 -0.0515933747192463 -0.0211679371747735
FixedParameters: 0 0 0
#Transform 5
Transform: MatrixOffsetTransformBase_double_3_3
Parameters: 0.9999997254350844 0.0005180139821738051 0.00007890725380656254 -0.0005179857001824764 0.9999996996350922 -0.0001790408671049959 -0.00007909269774970432 0.00017895902313008974 0.9999999617180118 -0.031755136076299095 -0.0572242544978252 -0.06588668815248866
FixedParameters: 0 0 0
#Transform 6
Transform: MatrixOffsetTransformBase_double_3_3
Parameters: 0.9999994219452005 0.0005177154960740214 0.0005572637129264744 -0.0005172836364359867 0.9999994720941585 0.0005097116037825259 -0.0005567358633688943 -0.0005102880982993341 0.9999994296511939 -0.010483093665527576 -0.006663513614583394 0.058179246515955185
FixedParameters: 0 0 0
#Transform 7
Transform: MatrixOffsetTransformBase_double_3_3
Parameters: 0.9999996649431762 -0.0005560699039782218 0.00016075749957771682 0.000555929512051949 0.9999995007682622 0.0004360892869864027 -0.000161242331323106 -0.00043591025508042186 0.9999997839831135 0.05828669008498366 0.05842731122032774 0.057405621889515146
FixedParameters: 0 0 0
#Transform 8
Transform: MatrixOffsetTransformBase_double_3_3
Parameters: 0.9999998903980157 -0.0003210148579478505 0.00008094092438837689 0.00032098504995212667 0.9999998631030197 0.00018402597460000174 -0.00008105905237143047 -0.00018397397260746184 0.9999999595830058 0.024273834434026753 -0.003221577454354474 0.06383202900207152
FixedParameters: 0 0 0
#Transform 9
Transform: MatrixOffsetTransformBase_double_3_3
Parameters: 0.9999993982110708 -0.0005550679492237268 0.0005419302903367473 0.000554931907307738 0.9999996762248992 0.0001253007326218732 -0.0005420695952507211 -0.00012569911237585803 0.9999996904858904 0.03871532604463823 -0.015997906054636246 -0.02133192382687099
FixedParameters: 0 0 0
#Transform 10
Transform: MatrixOffsetTransformBase_double_3_3
Parameters: 0.9999996768631195 -0.00007112179769965706 0.0005639844554424963 0.00007087814978975637 0.9999999483030191 0.00021603996410993355 -0.000564015127431154 -0.00021595987613954955 0.9999996352481348 0.011878956595680279 -0.024086172502791214 0.03817105515835095
FixedParameters: 0 0 0
#Transform 11
Transform: MatrixOffsetTransformBase_double_3_3
Parameters: 0.9999995403510743 -0.00013254182658151606 0.000664892337637138 0.00013145787671578927 0.9999993183511017 0.0008150876790318429 -0.0006651074976104854 -0.0008149121190535903 0.9999998935500306 0.016520461460771685 0.03677595520653654 0.06340820683418258
FixedParameters: 0 0 0
#Transform 12
Transform: MatrixOffsetTransformBase_double_3_3
Parameters: 0.9999999208620062 -0.0002530042846678166 0.0001229911351160634 0.00025299567466850856 0.999999934766005 0.000035031116184794394 -0.00012300884511464013 -0.00003496887818979603 0.9999999836460013 0.004783627579058702 -0.020898911823167055 0.0015427949388140405
FixedParameters: 0 0 0
#Transform 13
Transform: MatrixOffsetTransformBase_double_3_3
Parameters: 0.9999995864759373 -0.00008061905192870077 0.0006380478657456494 0.00008038082411212033 0.9999996371108983 -0.0005969485003894227 -0.0006379517488196531 0.0005970512183103368 0.9999992365472067 0.006173184342870286 -0.03499797168470309 -0.039356619054395026
FixedParameters: 0 0 0
#Transform 14
Transform: MatrixOffsetTransformBase_double_3_3
Parameters: 0.999999586476112 -0.00008093680373742244 0.0006380077489153293 0.00008006312810727125 0.9999999837189437 -0.00009894891811244297 -0.0006379918099220768 0.0000990516360689599 0.9999995831551133 0.02110115243202415 0.002672757900626266 0.03434152863027862
FixedParameters: 0 0 0
#Transform 15
Transform: MatrixOffsetTransformBase_double_3_3
Parameters: 0.9999997980808965 -0.0002852433958347828 0.000346799689070195 0.0002857562074785206 0.9999994256861553 0.000702098754235676 -0.000347200530791721 -0.0007019006173733263 0.9999993867871823 0.01516317796425426 0.012861384517833585 0.05119129903314246
FixedParameters: 0 0 0
#Transform 16
Transform: MatrixOffsetTransformBase_double_3_3
Parameters: 0.9999999893430002 -0.00008099859109759471 -0.00006400178128695615 0.00008100140709756335 0.9999999929550002 0.00002199481575495576 0.00006399821728699587 -0.00002200518375484025 0.99999999542 0.049572621384967874 -0.03245804741041525 0.00777595847163326
FixedParameters: 0 0 0
#Transform 17
Transform: MatrixOffsetTransformBase_double_3_3
Parameters: 0.9999997818391602 -0.00008133022032923731 0.0004599415045478173 0.00008066966081387993 0.9999994779153834 0.0007180367331872195 -0.0004600578204624781 -0.0007179622132418937 0.9999992728765338 0.031112320444535158 -0.03307348915670616 -0.00527503591047207
FixedParameters: 0 0 0
#Transform 18
Transform: MatrixOffsetTransformBase_double_3_3
Parameters: 0.9999996739952529 0.0005368694092572684 0.00019436017612869065 -0.0005371297570551746 0.9999992613905733 0.000670895301220206 -0.00019363952268809504 -0.0006711036570584705 0.9999995121233785 0.011140697656458087 -0.005554503290156276 0.060871188518049735
FixedParameters: 0 0 0
#Transform 19
Transform: MatrixOffsetTransformBase_double_3_3
Parameters: 0.9999999005550282 0.00029704538979179065 -0.00010587255698661231 -0.00029695444181757313 0.9999997277500771 0.0004290313603756158 0.00010612738291437273 -0.00042896839639346526 0.9999998047230555 -0.004461189750244898 0.0191267959214656 0.10758714489960397
FixedParameters: 0 0 0
#Transform 20
Transform: MatrixOffsetTransformBase_double_3_3
Parameters: 0.9999999865550008 -0.00004698059979501253 -0.00010600859602459256 0.00004701939579319168 0.9999999643020016 0.00018299500941131223 0.00010599139402539991 -0.00018300497341084456 0.9999999552750023 -0.004748087760077624 0.001590468657383326 -0.0074086464343565694
FixedParameters: 0 0 0
#Transform 21
Transform: MatrixOffsetTransformBase_double_3_3
Parameters: 0.9999999414349764 0.0001459712311887337 0.00019302188438162873 -0.00014602893818406432 0.9999999563339752 0.00014997180986502673 -0.00019297823038516102 -0.00014902816594138173 0.9999999404009764 0.01456593513107407 -0.001139572351746665 0.06794331373283313
FixedParameters: 0 0 0
#Transform 22
Transform: MatrixOffsetTransformBase_double_3_3
Parameters: 0.9999999530840022 -0.00016000364239326684 0.00014599599305920448 0.0001599963423936139 0.9999999737750013 0.000025023358810364495 -0.00014600399305882416 -0.000024976638812585613 0.9999999780590009 0.03131815832563234 0.030905211795484888 0.08772493772497825
FixedParameters: 0 0 0
#Transform 23
Transform: MatrixOffsetTransformBase_double_3_3
Parameters: 0.9999999865550002 -0.000047004663277021264 -0.00010599793036964582 0.00004699533527716475 0.999999995855 -0.00004400498132315937 0.00010600206636958221 0.00004399501732331263 0.9999999868280002 0.020762924031984653 -0.00864421224538603 0.03475397541658509
FixedParameters: 0 0 0
#Transform 24
Transform: MatrixOffsetTransformBase_double_3_3
Parameters: 0.9999998568230227 -0.0003409789535930572 0.00016404362182503566 0.00034102093758635815 0.9999998673350212 -0.00012794405558511855 -0.0001639563258389647 0.00012805590356727197 0.9999999567200069 0.026642381292219852 -0.024617091374736333 -0.013765835249117231
FixedParameters: 0 0 0
#Transform 25
Transform: MatrixOffsetTransformBase_double_3_3
Parameters: 0.9999999975230001 0.00001899884994106557 0.00004600047485730652 -0.000019001149941058433 0.999999999014 0.00002499912592245271 -0.00004599952485730948 -0.00002500087392244729 0.9999999972589998 0.0004043892807459315 -0.008067937232510758 0.041039166067712074
FixedParameters: 0 0 0
#Transform 26
Transform: MatrixOffsetTransformBase_double_3_3
Parameters: 0.9999999756510031 -0.00014998596240808361 -0.00004304889437673817 0.00015001399840442145 0.9999998712240169 0.0003259935074170981 0.00004295109438951329 -0.000326006407415413 0.9999998918750141 0.025869999887419226 0.0351604912263781 0.0799492005735587
FixedParameters: 0 0 0
#Transform 27
Transform: MatrixOffsetTransformBase_double_3_3
Parameters: 0.9999999034550123 -0.000307992703615741 0.00004105451075019549 0.00030800721761388504 0.9999998738070162 -0.00017698734936791966 -0.000040945478764137854 0.00017701260536469012 0.999999966990004 0.018889822421542135 -0.013773870524772747 -0.028058892458119544
FixedParameters: 0 0 0
#Transform 28
Transform: MatrixOffsetTransformBase_double_3_3
Parameters: 0.9999999467150027 -0.000047007681440854806 -0.00022599838969642163 0.00004699231344169146 0.9999999966350002 -0.00003401062014842783 0.00022600158569624767 0.00003398937614958436 0.9999999477680027 0.045958411828493695 -0.015888866203042085 0.028303579488131447
FixedParameters: 0 0 0
#Transform 29
Transform: MatrixOffsetTransformBase_double_3_3
Parameters: 0.9999999620700017 -0.00004701795279227202 -0.00018899552612571506 0.000046982042793958174 0.9999999887660004 -0.0000950088785388581 0.00018900445612529576 0.00009499111253969231 0.999999955254002 0.023129930229586648 0.01306381325478867 0.041899134751943734
FixedParameters: 0 0 0
#Transform 30
Transform: MatrixOffsetTransformBase_double_3_3
Parameters: 0.9999999952910025 -0.00004703647471276786 0.00004996566313800981 0.00004696347475201331 0.9999994648912877 0.0007300019575443776 -0.0000500342831011191 -0.0007299972575469043 0.9999994646002878 0.01601820871080406 0.02575924825707432 0.06671402012824501
FixedParameters: 0 0 0
#Transform 31
Transform: MatrixOffsetTransformBase_double_3_3
Parameters: 0.9999999905660002 -0.00004698911878683493 -0.00008500601380531475 0.00004701087878627313 0.9999999814070005 0.00012799600169539923 0.00008499398180562538 -0.00012800399169519294 0.9999999763910007 0.017459664733195268 -0.020710874166752546 -0.01929581315589246
FixedParameters: 0 0 0
#Transform 32
Transform: MatrixOffsetTransformBase_double_3_3
Parameters: 0.9999999542540116 0.0002109839160914996 -0.00003509662903246031 -0.00021101597608330796 0.999999745715065 -0.00045799249797833685 0.000034903353081844254 0.00045800726797456297 0.9999997890110539 0.00853777379990106 -0.03342939520874211 0.034225621955769725
FixedParameters: 0 0 0
#Transform 33
Transform: MatrixOffsetTransformBase_double_3_3
Parameters: 0.9999999952910027 -0.00004703767303682987 0.00004996453335908036 0.000046962273080051006 0.999999429275327 0.0007540019177872506 -0.00005003540931845249 -0.0007539972177899447 0.9999994289843274 0.02702172337210129 0.01879702110588255 0.07046275249496148
FixedParameters: 0 0 0
#Transform 34
Transform: MatrixOffsetTransformBase_double_3_3
Parameters: 0.9999997457872233 -0.000046603379067646326 -0.0005020366890546495 0.000047396538371004195 0.99999937369155 0.0007899757121540623 0.000501962429119873 -0.0007900229001126167 0.9999991238967696 0.03874753608046433 0.012828666330875649 0.057570914929094386
FixedParameters: 0 0 0
#Transform 35
Transform: MatrixOffsetTransformBase_double_3_3
Parameters: 0.9999999138750272 -0.0002850333703259364 -0.0000698637480202361 0.00028496645034699006 0.9999996902910975 -0.0004780197996106689 0.00007013620793451776 0.0004779798996232218 0.9999997666160737 0.024562090376491597 -0.003954799942192722 0.044360981768733154
FixedParameters: 0 0 0
#Transform 36
Transform: MatrixOffsetTransformBase_double_3_3
Parameters: 0.9999998862959721 -0.00030202980375741115 -0.00014994018104325183 0.00030197025376652866 0.9999998693939747 -0.00019804526967807194 0.00015006007502489532 0.00019895466953883737 0.9999999380979638 0.0310475798899148 0.041612487542153076 0.10304192169508752
FixedParameters: 0 0 0
#Transform 37
Transform: MatrixOffsetTransformBase_double_3_3
Parameters: 0.9999998820320282 -0.0003080526705673285 -0.00015189308779218138 0.00030794718259247444 0.9999997847270513 -0.0003470467332720408 0.00015210683974122786 0.0003469531012943605 0.999999856487034 0.024975588461344955 0.014523062365100259 0.048588130790243156
FixedParameters: 0 0 0
#Transform 38
Transform: MatrixOffsetTransformBase_double_3_3
Parameters: 0.9999995899690803 -0.00044661799296929897 0.00045837184499398224 0.00044738185312605814 0.9999991063026142 -0.0008327943546613457 -0.00045862714271215386 0.0008332042532088505 0.9999990958896257 0.03593861872548132 -0.028594779586768482 -0.02804287599975197
FixedParameters: 0 0 0
#Transform 39
Transform: MatrixOffsetTransformBase_double_3_3
Parameters: 0.9999997971661183 -0.00044696580418517306 0.000055275766745318755 0.00044703367414556934 0.9999994195023387 -0.0006169750549808649 -0.000054724169067188695 0.0006170242249521731 0.9999996162862238 0.0391589629985134 0.018230522605492183 0.07654718363895796
FixedParameters: 0 0 0
#Transform 40
Transform: MatrixOffsetTransformBase_double_3_3
Parameters: 0.9999997972208388 -0.0004470347629577618 0.00005471522770314204 0.0004469653300000152 0.999999394422084 0.0006370241973400173 -0.000054284705965135306 -0.0006369754743696677 0.999999591260964 0.030291902182284502 0.054446624106859076 0.0970522954462254
FixedParameters: 0 0 0
#Transform 41
Transform: MatrixOffsetTransformBase_double_3_3
Parameters: 0.9999997961584954 -0.0004468847268087535 0.00006381299810204653 0.00044711573992134776 0.9999984914248595 -0.0018189727255556554 -0.00006318680979684636 0.0018190294945833244 0.9999986872019548 0.06330714609501342 0.055679069773304946 0.04534430453444571
FixedParameters: 0 0 0
#Transform 42
Transform: MatrixOffsetTransformBase_double_3_3
Parameters: 0.9999976227831154 -0.002135116873813698 -0.0009046798091798753 0.0021318827222956676 0.9999916763540015 -0.0034319363185548696 0.0009123199440413022 0.003430059732834529 0.999993402819744 0.13062885092764986 0.04533353913656413 0.12949819624592607
FixedParameters: 0 0 0
#Transform 43
Transform: MatrixOffsetTransformBase_double_3_3
Parameters: 0.9999980454282336 -0.0016580511176598387 -0.0010979226814514698 0.0016579479056553776 0.9999982488252424 -0.000047820394066764815 0.0010980785334582055 0.000046179421995843136 0.999999792185309 0.08736575975405003 0.1329417142032412 0.2123715859974169
FixedParameters: 0 0 0
#Transform 44
Transform: MatrixOffsetTransformBase_double_3_3
Parameters: 0.9999986955375259 -0.0014507475407398427 -0.0010956897182472414 0.0014482513983497159 0.999997359703317 -0.0015945891632210983 0.001098309279656657 0.0015924089568803504 0.9999982573454573 0.08062433620696652 0.06908002331788055 0.17432593909139626
FixedParameters: 0 0 0
#Transform 45
Transform: MatrixOffsetTransformBase_double_3_3
Parameters: 0.9999985925850717 -0.0014499011099306592 -0.0005526393325170802 0.0014490983587811179 0.9999972469334973 -0.0016288013963982537 0.0005543603586937728 0.0016281967980387834 0.9999980416236554 0.06416259634504229 0.018683919737469523 0.06250121750711202
FixedParameters: 0 0 0
#Transform 46
Transform: MatrixOffsetTransformBase_double_3_3
Parameters: 0.9999999199080133 -0.0006807945778961825 -0.0007853131198371432 0.0006802070803681413 0.9999995158076501 -0.0010105351642660603 0.0007856884121744548 0.001010466097203983 0.9999993618775117 0.05102783329300564 0.05303341888223656 0.1896567353855616
FixedParameters: 0 0 0
#Transform 47
Transform: MatrixOffsetTransformBase_double_3_3
Parameters: 0.9999997179361453 -0.0009427435348654463 -0.00062688424140286 0.0009422569857122342 0.9999987086518276 -0.0011845913930221838 0.000628117025791058 0.001184408553964609 0.9999992032019832 0.045647547495079266 0.07766690324471881 0.1611914417898035
FixedParameters: 0 0 0
#Transform 48
Transform: MatrixOffsetTransformBase_double_3_3
Parameters: 0.9999997721678813 -0.0006814788881266379 -0.0008738498490256601 0.0006795221993374923 0.9999986791248818 -0.001690595730836932 0.0008751506232150543 0.0016904055346630218 0.9999983774546058 0.02205941902455777 0.03415207143380883 0.09439919934508367
FixedParameters: 0 0 0
#Transform 49
Transform: MatrixOffsetTransformBase_double_3_3
Parameters: 1.0000000149120365 -0.0006812422002516958 -0.0007218310803435307 0.0006797589636769939 0.999998583672517 -0.0017184924694650613 0.0007231699627649766 0.0017185091454827658 0.9999985247464543 0.024509415739515816 0.02370192600508858 0.10643866104482669
FixedParameters: 0 0 0
#Transform 50
Transform: MatrixOffsetTransformBase_double_3_3
Parameters: 0.9999994370739519 -0.0003459511597104843 -0.000665505926389952 0.00034504773125703 0.9999988385883141 -0.0014292295713612888 0.000666493364792583 0.001428769365639699 0.99999851440251 0.03369321854796681 0.05050567015634044 0.13812547012298637
FixedParameters: 0 0 0
#Transform 51
Transform: MatrixOffsetTransformBase_double_3_3
Parameters: 0.9999994944430903 -0.0002490185219186439 -0.0006659929397990064 0.00024898189193719013 0.9999999372428662 -0.000027165820245587555 0.0006660066347920726 0.000027834151907202435 0.9999995556880592 0.008270702828781396 0.09022090380854308 0.1889816111182938
FixedParameters: 0 0 0
#Transform 52
Transform: MatrixOffsetTransformBase_double_3_3
Parameters: 0.9999998658543309 -0.0002965758157861366 -0.0010228339134186063 0.00029542391715387624 0.9999995954151824 -0.0005633025541885503 0.0010231672096015479 0.0005626969378561364 0.9999996365012048 -0.01695696941960989 0.04643784887547042 0.07272785198464504
FixedParameters: 0 0 0
#Transform 53
Transform: MatrixOffsetTransformBase_double_3_3
Parameters: 0.9999997114490178 -0.0003499964418324919 -0.0010796777213268492 0.0003490027609720842 0.9999990259211141 -0.0009233769472839855 0.0010803228982362147 0.0009226220273900366 0.9999989816701202 0.010414538306108057 0.03969109776471669 0.13193855666793297
FixedParameters: 0 0 0
#Transform 54
Transform: MatrixOffsetTransformBase_double_3_3
Parameters: 0.9999996779683054 -0.0003945548894587401 -0.0010797983253458027 0.00039444572841351613 0.9999995806872649 -0.0005134262997055532 0.0010802034775136517 0.0005135741787668176 0.9999995699162605 -0.014192221925696913 0.10301118349529759 0.1816816089438973
FixedParameters: 0 0 0
#Transform 55
Transform: MatrixOffsetTransformBase_double_3_3
Parameters: 0.9999986447445754 -0.0005735388370805087 -0.001423782696218555 0.000573461246119189 0.9999995278351353 -0.00037881680915296395 0.0014232168365006467 0.0003781840534684041 0.9999988303844827 -0.020809274244783182 0.048719920414669105 0.12201841720366247
FixedParameters: 0 0 0
#Transform 56
Transform: MatrixOffsetTransformBase_double_3_3
Parameters: 0.9999994731659375 -0.0005740586014423979 -0.0010944459769536851 0.0005729429308410031 0.9999997369740797 -0.0009666280850543168 0.0010945545540122128 0.000966372691916649 0.9999988679456111 -0.02211540482755936 0.02791902525950718 0.09660087293055852
FixedParameters: 0 0 0
#Transform 57
Transform: MatrixOffsetTransformBase_double_3_3
Parameters: 0.9999992391612138 -0.0002462190464188242 -0.0008366414586687624 0.00024478002869046905 0.999998816880587 -0.0014572046142836434 0.0008373568450365831 0.0014567936476468104 0.9999981765821527 -0.031360160347077226 0.07822460227809813 0.17977918511096647
FixedParameters: 0 0 0
#Transform 58
Transform: MatrixOffsetTransformBase_double_3_3
Parameters: 0.9999994946313642 -0.00036028417235580703 -0.0006128325183530533 0.0003597153087657671 0.9999996551042486 -0.00046422034545264473 0.0006131665981122938 0.0004637789857707173 0.999999408935426 -0.012645781306233062 0.0666021691466483 0.16851488948047688
FixedParameters: 0 0 0
#Transform 59
Transform: MatrixOffsetTransformBase_double_3_3
Parameters: 0.9999999750549617 -0.0005291642275814716 -0.0008632875283562353 0.0005278362303717144 0.9999989035827925 -0.0013484559209885661 0.0008637123654233386 0.0013475432008444022 0.9999984372627188 -0.0054346236543239 0.03224442500535929 0.09677019916312446
FixedParameters: 0 0 0
#Transform 60
Transform: MatrixOffsetTransformBase_double_3_3
Parameters: 0.9999989741918228 -0.0005286998150466557 -0.0008635717304232776 0.0005282992703201151 0.9999990637777617 -0.0008104565026860461 0.0008644284288383935 0.000810543254626819 0.9999995965933978 -0.015454787391007585 0.09780804566221946 0.16975003473812222
FixedParameters: 0 0 0
#Transform 61
Transform: MatrixOffsetTransformBase_double_3_3
Parameters: 0.9999984193965131 -0.0005293524386459732 -0.0015165289822596413 0.0005276476245811061 0.9999999259144542 -0.0008918021590405863 0.0015174712988482344 0.0008911986886636445 0.9999989039358156 -0.008752936587896443 0.1329803447646043 0.1866031126922607
FixedParameters: 0 0 0
#Transform 62
Transform: MatrixOffsetTransformBase_double_3_3
Parameters: 0.9999994143659172 -0.0007177270708999309 -0.0010348050118659238 0.0007152736743449527 0.9999987060674682 -0.001667742202025495 0.001036194542746617 0.0016672583287188128 0.999998147179114 0.003914997296234901 0.039475350164650536 0.052856456789406536
FixedParameters: 0 0 0
#Transform 63
Transform: MatrixOffsetTransformBase_double_3_3
Parameters: 0.9999991614045235 -0.0005300033700991621 -0.0012481513234912577 0.0005279969299278575 0.999998145736943 -0.0016046597032469427 0.0012488488862031518 0.0016043387883794863 0.9999978668240579 -0.0037285611440296407 0.04495226922787765 0.16407634834015994
FixedParameters: 0 0 0
#Transform 64
Transform: MatrixOffsetTransformBase_double_3_3
Parameters: 0.9999993612604932 -0.00009048123241689116 -0.0012768955029955492 0.00008851859138615716 0.9999996463894976 -0.0011601137881668054 0.0012771031429988007 0.001159885205163226 0.9999980236704722 -0.03230976931661189 0.08121388741469104 0.19034665930454508
FixedParameters: 0 0 0
#Transform 65
Transform: MatrixOffsetTransformBase_double_3_3
Parameters: 0.9999993661326395 -0.00005670471811022569 -0.0012769260436047906 0.00005529512328715481 0.9999992146365511 -0.0013350722335567003 0.0012770755636920962 0.001334929209473188 0.9999985870411845 -0.04341990657955819 0.030407635136356248 0.09409959976643734
FixedParameters: 0 0 0
#Transform 66
Transform: MatrixOffsetTransformBase_double_3_3
Parameters: 0.9999994284039074 -0.000056128637389501214 -0.0007539162983626724 0.00005487116141133444 0.999998755910454 -0.001497041007494661 0.0007540824652276442 0.0014969573135626714 0.9999981904749132 -0.02339090089350293 0.011732620888523115 0.07778728210996633
FixedParameters: 0 0 0
#Transform 67
Transform: MatrixOffsetTransformBase_double_3_3
Parameters: 0.9999991633239782 -0.00046974692203544154 -0.0012713565159371773 0.0004682541066222001 0.9999988935339036 -0.0013735968472393678 0.0012716448610169972 0.0013734041781860327 0.9999984967807936 -0.01758490020016268 0.06764400732264164 0.16001363679700376
FixedParameters: 0 0 0
#Transform 68
Transform: MatrixOffsetTransformBase_double_3_3
Parameters: 0.9999996376732351 -0.00045774648241549365 -0.0010732574615955701 0.00045625275642719067 0.9999981456472468 -0.0016264902532633326 0.0010747440835839287 0.0016265086162631887 0.9999982010182461 -0.025010366406533535 0.039848179012210494 0.15897407291344479
FixedParameters: 0 0 0
#Transform 69
Transform: MatrixOffsetTransformBase_double_3_3
Parameters: 0.9999991434333446 -0.0004150567402740933 -0.0008274705058327254 0.00041394413181484335 0.9999991987363177 -0.0012763429996716837 0.0008275287258044293 0.0012766570015190725 0.9999986857905669 -0.014283283133394775 0.017731276399231888 0.04965007507725261
FixedParameters: 0 0 0
#Transform 70
Transform: MatrixOffsetTransformBase_double_3_3
Parameters: 0.999999135838939 -0.00014015865632824155 -0.0009188233845937397 0.00013984093647257645 0.9999993902778236 -0.0012611290060899599 0.0009191764644333414 0.0012608716862068559 0.9999985653161982 -0.0029942561035340987 0.0613838805774094 0.1094467826428911
FixedParameters: 0 0 0
#Transform 71
Transform: MatrixOffsetTransformBase_double_3_3
Parameters: 0.9999990996614445 -0.0005060719562211897 -0.0008023239672185955 0.0005049263400062074 0.9999989595735405 -0.001336405402246677 0.0008036746622930504 0.0013355935698029743 0.9999985702948072 -0.012143846307637318 0.06100720702525564 0.13241471904662205
FixedParameters: 0 0 0
#Transform 72
Transform: MatrixOffsetTransformBase_double_3_3
Parameters: 0.9999994252954979 -0.0005288595101908339 -0.0005431635747792038 0.0005281398759661894 0.9999982179637988 -0.0015822860711973267 0.000543835749054983 0.0015817115918162882 0.9999982018838162 -0.01202834007789022 0.03651529642930029 0.06180023443150162
FixedParameters: 0 0 0
#Transform 73
Transform: MatrixOffsetTransformBase_double_3_3
Parameters: 0.9999998062219376 -0.0005296627964050341 -0.0009550801116426508 0.0005283359113718973 0.9999986925550703 -0.0017405062951896845 0.0009569210330760255 0.001739494846402152 0.9999980584585765 0.011145179974931807 0.07989813115020183 0.14852221188936454
FixedParameters: 0 0 0
#Transform 74
Transform: MatrixOffsetTransformBase_double_3_3
Parameters: 0.9999998062217539 -0.0005291382737981876 -0.0009553710955732724 0.0005288620356907501 0.9999993028675581 -0.0011905059530244676 0.0009566306460631505 0.0011904945040200146 0.9999986687713114 -0.008677502208158216 0.07553757579130149 0.1254727700700471
FixedParameters: 0 0 0
#Transform 75
Transform: MatrixOffsetTransformBase_double_3_3
Parameters: 0.9999990792558507 -0.00008344030740595544 -0.0009557899198234653 0.0000815589602310495 0.9999964753719928 -0.002553079184307416 0.0009562111646387219 0.002552921444376595 0.9999965682399521 -0.005539462570979481 0.03518143401085183 0.03433965521002591
FixedParameters: 0 0 0
#Transform 76
Transform: MatrixOffsetTransformBase_double_3_3
Parameters: 0.9999994434780511 -0.0000035509268795610843 -0.0007459936944450323 0.0000014490587266143752 0.9999976777506027 -0.002079000411042135 0.0007460040894358976 0.002078996681045413 0.9999971212410915 -0.0065725004027541445 0.03939247698390602 0.0935953491863657
FixedParameters: 0 0 0
#Transform 77
Transform: MatrixOffsetTransformBase_double_3_3
Parameters: 0.9999990755030254 0.0000975189262625361 -0.0009561521828209647 -0.00009848312394873867 0.9999985894431836 -0.0015499067635839667 0.0009568484785943557 0.0015490942388484022 0.9999986841541526 -0.019610553333279768 0.0722685857746228 0.12242617205756545
FixedParameters: 0 0 0
#Transform 78
Transform: MatrixOffsetTransformBase_double_3_3
Parameters: 0.9999999246922634 -0.0002007719186397261 -0.0010176524147312018 0.0001992289798038805 0.9999979289174757 -0.0017412026917521491 0.0010173488157635016 0.0017407956907954502 0.9999979336094751 -0.023142631611875686 0.025371537120989274 0.0886561737054592
FixedParameters: 0 0 0
#Transform 79
Transform: MatrixOffsetTransformBase_double_3_3
Parameters: 0.9999997301934953 0.00003804474254919469 -0.000518071050887593 -0.000038955128849488874 0.9999985981771219 -0.001843980924243717 0.0005179290628407579 0.0018440208102568736 0.9999983313350337 -0.024899231216437556 0.0009856787361002262 0.0503674157120102
FixedParameters: 0 0 0
#Transform 80
Transform: MatrixOffsetTransformBase_double_3_3
Parameters: 0.9999994669595227 0.00012013372137258491 -0.0007201448572225248 -0.00012186604140679743 0.999999538149524 -0.0012029129037569686 0.0007198537312167751 0.0012030871437604094 0.9999990343905141 -0.021751314927513477 0.06805909346604722 0.15452772569557993
FixedParameters: 0 0 0
#Transform 81
Transform: MatrixOffsetTransformBase_double_3_3
Parameters: 0.9999994935087791 -0.00008201512436714273 -0.0007068825750746906 0.0000809846199530757 0.9999989312610987 -0.001436057157474402 0.0007071166429416023 0.001435941916539927 0.999998438054379 -0.021416032495721993 0.04255728124466884 0.11317782446441527
FixedParameters: 0 0 0
#Transform 82
Transform: MatrixOffsetTransformBase_double_3_3
Parameters: 0.9999995799187948 -0.00023320279326762523 -0.0006045371145692906 0.0002317961017968315 0.999997989819393 -0.001989140216672793 0.0006054619992213432 0.001988858891778629 0.9999976778505104 -0.02138701176031077 0.007198064260819592 0.05009301105188513
FixedParameters: 0 0 0
#Transform 83
Transform: MatrixOffsetTransformBase_double_3_3
Parameters: 1.000000085278487 0.000027446454204105636 -0.0009560465941075035 -0.00002855345869633679 0.9999983585887193 -0.001624973285546726 0.0009559555940670402 0.0016250268215705311 0.9999984454347578 -0.023587053121801205 0.06252322552832368 0.1508758772913268
FixedParameters: 0 0 0
#Transform 84
Transform: MatrixOffsetTransformBase_double_3_3
Parameters: 0.9999990593321982 -0.0001641804205092878 -0.0009557972936995464 0.0001628191001435191 0.9999994480420172 -0.0012351562085478368 0.0009562011385113975 0.0012348435966934813 0.9999985608384304 -0.01567009465085789 0.09386703689455089 0.17353756647154484
FixedParameters: 0 0 0
#Transform 85
Transform: MatrixOffsetTransformBase_double_3_3
Parameters: 0.999999363327722 0.0003203478530217679 -0.0007307263542518349 -0.0003216526413436264 0.9999977803043315 -0.0022617669579210907 0.0007302741471402868 0.0022622359400367767 0.9999973497142252 -0.018823247701490686 0.04452471564445659 0.08047310338474034
FixedParameters: 0 0 0
#Transform 86
Transform: MatrixOffsetTransformBase_double_3_3
Parameters: 0.9999994917934645 0.0001366855981757505 -0.0006992580122042265 -0.0001383157201062901 0.9999984466895089 -0.001879904156896236 0.0006997410101836456 0.0018800965198880397 0.9999979762955288 -0.013903452858457399 0.03346311992561368 0.1220822950326621
FixedParameters: 0 0 0
#Transform 87
Transform: MatrixOffsetTransformBase_double_3_3
Parameters: 0.9999990794081299 0.00007471596178717867 -0.0009561004942673086 -0.0000762860776479253 0.9999991893070503 -0.001343927324865769 0.0009568976236889229 0.0013430717574865565 0.99999828011571 -0.020062340055503114 0.09105801136357172 0.19252029792266967
FixedParameters: 0 0 0
#Transform 88
Transform: MatrixOffsetTransformBase_double_3_3
Parameters: 0.9999990844310619 0.00002499039865372555 -0.0009560545226976333 -0.000027011529978709643 0.9999975809135639 -0.002101975397983846 0.00095694521640016 0.002102025136967234 0.9999976666965351 -0.020719333554396258 0.05196005921597191 0.13914404660032886
FixedParameters: 0 0 0
#Transform 89
Transform: MatrixOffsetTransformBase_double_3_3
Parameters: 0.9999998138316584 0.00006828375590158271 -0.00042611513180108884 -0.00006871596846421362 0.9999981695473225 -0.001680969330975814 0.00042588483503413317 0.001681027692916756 0.9999979927635014 -0.025533252853406907 0.021205310409214917 0.07604844625160467
FixedParameters: 0 0 0
#Transform 90
Transform: MatrixOffsetTransformBase_double_3_3
Parameters: 0.9999995913157261 -0.00004096267390916826 -0.0006379385645230687 0.00004003718954383449 0.9999987212783227 -0.001509025123161041 0.0006380607934392482 0.0015089734451964802 0.9999983158746008 -0.0014197393590649199 0.08949750059596795 0.1726496180990722
FixedParameters: 0 0 0
#Transform 91
Transform: MatrixOffsetTransformBase_double_3_3
Parameters: 0.9999994085357311 -0.000040969168457191895 -0.0007679486106134592 0.00004003073562996617 0.9999994057147316 -0.0012620312556482108 0.000768050832594639 0.001261969047659664 0.99999881753084 -0.00006479997020392148 0.07091506286653271 0.13700436084065615
FixedParameters: 0 0 0
#Transform 92
Transform: MatrixOffsetTransformBase_double_3_3
Parameters: 0.9999998168834737 -0.00004072326529912967 -0.0004259316257511333 0.00004027656732875582 0.9999981151535865 -0.0016980173533831786 0.0004260691637420115 0.0016979828473854674 0.999998935317532 -0.0035289993859919377 0.03652242397687644 0.0923556625437314
FixedParameters: 0 0 0
#Transform 93
Transform: MatrixOffsetTransformBase_double_3_3
Parameters: 0.999999654963717 -0.00004122873138974738 -0.0005859145129880398 0.00003977104647200488 0.999997600948242 -0.0020970224690666337 0.0005860843698619298 0.002096975003101875 0.9999972591924958 -0.015942737460477474 0.07270209332395439 0.17425662178260382
FixedParameters: 0 0 0
#Transform 94
Transform: MatrixOffsetTransformBase_double_3_3
Parameters: 0.9999997126696055 -0.00004084790233978911 -0.0005349356372886676 0.0000401535368949736 0.9999984861345863 -0.0015850206676862259 0.0005340640239855719 0.0015849773727208427 0.9999982020848135 -0.021092795934720243 0.08613088515721756 0.17994431624477158
FixedParameters: 0 0 0
#Transform 95
Transform: MatrixOffsetTransformBase_double_3_3
Parameters: 0.9999996479828299 0.00025570662065042024 -0.0005356192057239226 -0.00025729174335070167 0.9999970971433122 -0.002415862583203299 0.0005343797979582725 0.0024161370381514053 0.9999968767103538 -0.016772737402533267 0.04989603025047984 0.0708804370760916
FixedParameters: 0 0 0
#Transform 96
Transform: MatrixOffsetTransformBase_double_3_3
Parameters: 0.9999997126694391 -0.000041001983386402083 -0.000534924119411506 0.000039999744181407586 0.9999984902261889 -0.001873022318101425 0.0005340758342380006 0.0018729790230925696 0.9999982061761308 0.002343688107032449 0.06885772982883509 0.1597702685571889
FixedParameters: 0 0 0
#Transform 97
Transform: MatrixOffsetTransformBase_double_3_3
Parameters: 0.9999997126695566 -0.000040755903429377625 -0.0005349427931294601 0.000040245405574308226 0.9999990017897583 -0.0014130215338424444 0.000534057247380867 0.001412978238854736 0.999998717739839 0.014494981329605139 0.11096935380841444 0.17102692736774827
FixedParameters: 0 0 0
#Transform 98
Transform: MatrixOffsetTransformBase_double_3_3
Parameters: 0.9999994260675951 -0.000041355716031373767 -0.0007569270112997798 0.000039645930657986186 0.9999987906744563 -0.001791031428130315 0.0007560720841130785 0.0017909701511169337 0.9999982200223315 0.008575090746603564 0.030405825676936615 0.06499802267765631
FixedParameters: 0 0 0
#Transform 99
Transform: MatrixOffsetTransformBase_double_3_3
Parameters: 0.999999322675997 -0.000041204156126658253 -0.0008219399422950425 0.000039796518283857 0.9999988535993828 -0.0014640324984400242 0.0008220585671975228 0.0014649659156726752 0.999998179555937 0.015450660996165766 0.038856359356685743 0.12704102715154875
FixedParameters: 0 0 0
#Transform 100
Transform: MatrixOffsetTransformBase_double_3_3
Parameters: 0.9999992860240101 -0.00004117900059181457 -0.0008439427142831521 0.00003982086449577156 0.9999990467501694 -0.0013970336741532953 0.0008440558712078365 0.0013969653101987974 0.9999983360546423 0.036495587525521955 0.06596012347836222 0.12548346171662672
FixedParameters: 0 0 0
#Transform 101
Transform: MatrixOffsetTransformBase_double_3_3
Parameters: 0.9999984776883536 -0.00045333346220504707 -0.001522306219267703 0.0004506669975271937 0.9999984471383802 -0.0015326870522273366 0.001522691600932085 0.0015323107105550818 0.9999973334353499 0.09269135259867767 0.07349723875672964 0.1490977029276337
FixedParameters: 0 0 0
#Transform 102
Transform: MatrixOffsetTransformBase_double_3_3
Parameters: 1.0000000120365764 -0.0004524925386866713 -0.0008852393312153821 0.0004505083993596576 0.9999989569183391 -0.0016854007636507612 0.0008857608888270688 0.0016846011557129748 0.9999983766596583 0.1082733621099834 0.053658366439705674 0.144617134798267
FixedParameters: 0 0 0
#Transform 103
Transform: MatrixOffsetTransformBase_double_3_3
Parameters: 0.9999995982165528 -0.0004520368310617229 -0.0010945725757406858 0.000450963846309124 0.999999899337764 -0.0009474946575792286 0.0010944277176390812 0.0009465063228860041 0.9999989052590665 0.12725626869790574 0.12364504009167376 0.21172937086301147
FixedParameters: 0 0 0
#Transform 104
Transform: MatrixOffsetTransformBase_double_3_3
Parameters: 0.9999986543874902 -0.00045271037081956044 -0.0017725647465610431 0.00045029121406778494 0.9999998658863677 -0.0009648001666373336 0.0017724356914675912 0.000964199596202445 0.9999979279789643 0.11728637343874482 0.10801688453827296 0.18457442400249136
FixedParameters: 0 0 0
#Transform 105
Transform: MatrixOffsetTransformBase_double_3_3
Parameters: 0.9999997991440303 -0.00045254872579843084 -0.0009983003454205894 0.0004504523739701788 0.9999983920954744 -0.0015504506105708026 0.0009987004485786672 0.0015505489636096611 0.9999985989445561 0.10951341234984113 0.07289554789751662 0.08596826724604512
FixedParameters: 0 0 0
#Transform 106
Transform: MatrixOffsetTransformBase_double_3_3
Parameters: 0.9999995420698033 -0.00034245525344854397 -0.0011575713186058845 0.00034154403657193585 0.9999993029845732 -0.0012573971466402522 0.0011584311074330183 0.001256605073878263 0.9999990789823576 0.1124543510228051 0.0979799806928554 0.18931999955976409
FixedParameters: 0 0 0
#Transform 107
Transform: MatrixOffsetTransformBase_double_3_3
Parameters: 0.9999798583734871 0.005221405469458408 -0.0037248387053836107 -0.005222601044453871 0.9999867046581874 -0.00015054982735113707 0.003724162428820529 0.00017044892091956532 0.9999931021945141 -0.05448385478405271 0.10115021316934758 0.16792218033399564
FixedParameters: 0 0 0
#Transform 108
Transform: MatrixOffsetTransformBase_double_3_3
Parameters: 0.9999569685990957 0.007763820150497802 -0.005172814941857458 -0.0077721908832552415 0.999968495411401 -0.0017578729900778363 0.005159191274859483 0.0017981338285791965 0.9999851504648462 -0.09603520350873396 0.04132764906320574 0.11345274401230654
FixedParameters: 0 0 0
#Transform 109
Transform: MatrixOffsetTransformBase_double_3_3
Parameters: 0.9999605063017033 0.007352133456044745 -0.004943218623350846 -0.007360872484481507 0.9999716532948114 -0.0017786843509625023 0.004930786142884213 0.0018143239479001304 0.9999863980359227 -0.0727230906378935 0.04046389950080709 0.1252699850397292
FixedParameters: 0 0 0
#Transform 110
Transform: MatrixOffsetTransformBase_double_3_3
Parameters: 0.9999676458385526 0.006667038008933427 -0.00457216783782528 -0.00667395846117027 0.9999761810743114 -0.0015085348465916654 0.0045618358154857425 0.0015394642285887228 0.9999888195353963 -0.0442146110865167 0.09508474707008929 0.17757022302325254
FixedParameters: 0 0 0
#Transform 111
Transform: MatrixOffsetTransformBase_double_3_3
Parameters: 0.9999706765214633 0.00611620833964897 -0.00457378043962677 -0.006124793476398624 0.9999798332141965 -0.0019110425212732515 0.004561216157993151 0.0019389541494593376 0.9999874319489748 -0.03766707726637719 0.034875316368371045 0.12392222939706699
FixedParameters: 0 0 0
#Transform 112
Transform: MatrixOffsetTransformBase_double_3_3
Parameters: 0.9999714977495132 0.006128375653131584 -0.004352168668643199 -0.006137625173056688 0.999979447445011 -0.001971343327520668 0.0043398264370805946 0.00199765215593026 0.9999881737141664 -0.028329435377031587 0.03449492867009951 0.11789421880602191
FixedParameters: 0 0 0
#Transform 113
Transform: MatrixOffsetTransformBase_double_3_3
