#Insight Transform File V1.0
#Transform 0
Transform: MatrixOffsetTransformBase_double_3_3
Parameters: 0.9999994959248656 0.0005775539050477127 -0.00041222512670152216 -0.0005774449990810795 0.9999988641870593 0.0013422383027619567 0.0004137757142264496 -0.0013427612876017235 0.9999990271240092 0.004151473361659441 -0.005587207299470265 -0.06511964983634755
FixedParameters: 0 0 0
#Transform 1
Transform: MatrixOffsetTransformBase_double_3_3
Parameters: 0.9999993403546427 -0.0008818623053566995 0.000939129014351897 0.0008821374321693084 0.9999992006137379 -0.0001461715554414125 -0.0009388705885279128 0.00014682795199433567 0.9999990968168085 0.025689748027531323 -0.013358842320968733 0.10142594731374288
FixedParameters: 0 0 0
#Transform 2
Transform: MatrixOffsetTransformBase_double_3_3
Parameters: 0.9999982464551441 0.00012073995004074796 0.0016550177090731287 -0.00012025962141453741 0.99999996083081 0.0001568011209781171 -0.0016549798721025735 -0.00015719997566773027 0.9999982363261519 -0.02602572704640238 -0.016741072642261656 0.12677037636495925
FixedParameters: 0 0 0
#Transform 3
Transform: MatrixOffsetTransformBase_double_3_3
Parameters: 0.9999979709796853 -0.00025483238098501966 0.002228021530668286 0.00025516880930976776 0.9999999292745756 -0.00007543170481284004 -0.0022279830256311177 0.00007556798794439162 0.9999980303047428 -0.006183598308027172 -0.023280008172505973 0.07953639335334373
FixedParameters: 0 0 0
#Transform 4
Transform: MatrixOffsetTransformBase_double_3_3
Parameters: 0.999995755071767 -0.0004675843854395578 0.0028330680412951407 0.0004684144542184346 0.9999997595137002 -0.00014567352919382984 -0.002832930917331669 0.00014732522075383355 0.9999959526337144 0.012452351142272278 -0.022792915875541553 0.07750904201705566
FixedParameters: 0 0 0
#Transform 5
Transform: MatrixOffsetTransformBase_double_3_3
Parameters: 0.9999947654853037 -0.0002545298768085259 0.0031890366682078655 0.0002544674478245155 0.9999999136209851 -0.00014618922155728022 -0.0031889618452270296 0.00014781242214153789 0.9999948086462928 -0.02072415246516357 -0.008231675028795848 0.05920404565516435
FixedParameters: 0 0 0
#Transform 6
Transform: MatrixOffsetTransformBase_double_3_3
Parameters: 0.9999938313281906 -0.0009134886145824259 0.0035121336912530966 0.0009135106125782497 0.999999144345182 -0.0001437924877022931 -0.003511867861303562 0.00014720893205371203 0.9999936446422261 0.006235964404453398 0.003643481386035319 0.075020653820701
FixedParameters: 0 0 0
#Transform 7
Transform: MatrixOffsetTransformBase_double_3_3
Parameters: 0.99997934302378 -0.0014725148815446518 0.006283820496962015 0.0014764896316837859 0.9999985177964513 -0.0005507334002781489 -0.006283183785939727 0.0005592636535767465 0.9999802091728103 0.11476293810360971 0.02689101386965831 -0.10423502433311427
FixedParameters: 0 0 0
#Transform 8
Transform: MatrixOffsetTransformBase_double_3_3
Parameters: 0.9999736519946476 -0.001956726425047356 0.007036802663416116 0.001956276777758952 0.9999981614443679 0.00010976888740593424 -0.007037205709674631 -0.00009623271972381533 0.9999754693318134 0.13512032709972743 0.012827470870163893 -0.0368947700196145
FixedParameters: 0 0 0
#Transform 9
Transform: MatrixOffsetTransformBase_double_3_3
Parameters: 0.9999756261274076 -0.0012040196602090497 0.006850167583717219 0.0012049787828308312 0.999999528713982 -0.00013874901728596175 -0.006849823092853065 0.00014725085593336198 0.9999760565152381 0.11050927204132677 -0.015502590177860043 -0.062057801949904956
FixedParameters: 0 0 0
#Transform 10
Transform: MatrixOffsetTransformBase_double_3_3
Parameters: 0.9999729008019544 -0.0016660424866840444 0.007163992125140455 0.0016659565186925747 0.9999982243714416 0.000011935222815706812 -0.007164012117138472 -6.445199360464034e-8 0.9999746763587781 0.09962569159108625 0.030372817718614442 -0.006609301950391
FixedParameters: 0 0 0
